6位数
1	2	3	4	5	6	7	8	9(6)
-16	-13	-14		-12	-9	-10	-7	-8

1	2	3	4	5	6	7	8	9	0(14)
27	24	25	30	31	28	29	18	19	26

1	2	3	4	5	6	7	8	9	0(106)
-122	-123	-124	-125	-126	-127	-128	-113	-114	-121

1	2	3	4	5	6	7	8	9	0(-51)
-69	-72	-71	-66	-65	-68	-67	-78	-77	-70

1	2	3	4	5	6	7	8	9	0(-47)
32	35	34	37	36	39	38	41	40	33

1	2	3	4	5	6	7	8	9	0(-45)
	-127	-128	-121	-122	-123	-124	-117	-118

800002
-7,6,26,14,-121,106,-70,-51,33,-47,-127,-45
222222 
-13,6, 24,14, -123,106, -72,-51, 35,-47, -127,-45
333333
-14,6, 25,14, -124,106, -71,-51, 34,-47, -128,-45
555555
-12,6, 31,14, -126,106, -65,-51, 36,-47, -122,-45
999999
-8,6, 19,14, -114,106, -77,-51, 40,-47, -118,-45
111117
-16,6,27,14,-122,106,-69,-51,32,-47,-124,-45
676767
-9,6,29,14,-127,106,-67,-51,39,-47,-124,-45
788888
-10,6,18,14,-113,106,-78,-51,41,-47,-117,-45
867676
-7,6,28,14,-128,106,-68,-51,38,-47,-123,-45
234567
-13,6,25,14,-125,106,-65,-51,39,-47,-124,-45
345678
-14,6,30,14,-126,106,-68,-51,38,-47,-117,-45
557456
-12,6,31,14,-128,106,-66,-51,36,-47,-123,-45
557444
-12,6,31,14,-128,106,-66,-51,37,-47,-121,-45
789444
-10,6,18,14,-114,106,-66,-51,37,-47,-121,-45
744444
-10,6,30,14,-125,106,-66,-51,37,-47,-121,-45

0和1结尾的
1	2	3	4	5	6	7	8	9(6)
-115	-114	-113		-119	-118	-117	-124	-123

1	2	3	4	5	6	7	8	9	0(13)
66	65	64	71	70	69	68	75	74	67

1	2	3	4	5	6	7	8	9	0(106)
25	26	27	28	29	30	31	16	17	24
					
1	2	3	4	5	6	7	8	9	0(-52)
-1	-4	-3	-6	-5	-8	-7	-10	-9	-2

1	2	3	4	5	6	7	8	9	0(-47)
30	29	28	27	26	25	24	23	22	31

1	0(-45)
42	43

891991
-124,6,74,13,25,106,-9,-52,22,-47,42,-45
899991
-124,6,74,13,17,106,-9,-52,22,-47,42,-45
778880
-117,6,68,13,16,106,-10,-52,23,-47,43,-45
166751
-115,6,69,13,30,106,-7,-52,26,-47,42,-45
945621
-123,6,71,13,29,106,-8,-52,29,-47,42,-45
623111
-118,6,65,13,27,106,-1,-52,30,-47,42,-45
789231
-117,6,75,13,17,106,-4,-52,28,-47,42,-45
789440
-117,6,75,13,17,106,-6,-52,27,-47,43,-45
789441
-117,6,75,13,17,106,-6,-52,27,-47,42,-45
557441
-119,6,70,13,31,106,-6,-52,27,-47,42,-45
700001
-117,6,67,13,24,106,-2,-52,31,-47,42,-45
700000
-117,6,67,13,24,106,-2,-52,31,-47,43,-45
300000
-113,6,67,13,24,106,-2,-52,31,-47,43,-45
800000
-124,6,67,13,24,106,-2,-52,31,-47,43,-45
234561
-114,6,64,13,28,106,-5,-52,25,-47,42,-45
112370
-115,6,66,13,26,106,-3,-52,24,-47,43,-45

7位数
1	2	3	4	5	6	7	8	9	G(6)
19	16	17	22	23	20	21	26	27	101

1	2	3	4	5	6	7	8	9	0(16)
-63	-62	-61	-60	-59	-58	-57	-56	-55	-64

1	2	3	4	5	6	7	8	9	0(106)
-53	-56	-55	-50	-49	-52	-51	-62	-61	-54

1	2	3	4	5	6	7	8	9	0(-51)
-88	-85	-86	-83	-84	-81	-82	-95	-96	-87
	
1	2	3	4	5	6	7	8	9	0(-47)
117	118	119	112	113	114	115	124	125	116

1	2	3	4	5	6	7	8	9	0(-45)
53	54	55	48	49	50	51	60	61	52

1	2	3	4	5	6	7	8	9	0(-43)
	81	80	87	86	85	84	91	90

2000003
16,6,-64,16,-54,106,-87,-51,116,-47,52,-45,80,-43
3000008
17,6,-64,16,-54,106,-87,-51,116,-47,52,-45,91,-43
3111118
17,6,-63,16,-53,106,-88,-51,117,-47,53,-45,91,-43
3333333
17,6, -61,16,-55,106,-86,-51,119,-47,55,-45,80,-43
3232323
17,6,-62,16,-55,106,-85,-51,119,-47,54,-45,80,-43
4444444
22,6,-60,16,-50,106,-83,-51,112,-47,48,-45,87,-43
5555555
23,6,-59,16,-49,106,-84,-51,113,-47,49,-45,86,-43
6666666
20,6,-58,16,-52,106,-81,-51,114,-47,50,-45,85,-43
7777777
21,6,-57,16,-51,106,-82,-51,115,-47,51,-45,84,-43
8888888
26,6,-56,16,-62,106,-95,-51,124,-47,60,-45,91,-43
9999999
27,6,-55,16,-61,106,-96,-51,125,-47,61,-45,90,-43
4222222
22,6,-62,16,-56,106,-85,-51,118,-47,54,-45,81,-43
1234567
19,6,-62,16,-55,106,-83,-51,113,-47,50,-45,84,-43
3456789
17,6,-60,16,-49,106,-81,-51,115,-47,60,-45,90,-43
3030303
17,6,-64,16,-55,106,-87,-51,119,-47,52,-45,81,-43
3131313
17,6,-63,16,-55,106,-88,-51,119,-47,53,-45,80,-43

0和1结尾的
1	2	3	4	5	6	7	8	9	G(6)
123	120	121	126	127	124	125	114	115	13

1	2	3	4	5	6	7	8	9	0(15)
2	1	0	7	6	5	4	11	10	3

1	2	3	4	5	6	7	8	9	0(106)
23	20	21	18	19	16	17	30	31	22

1	2	3	4	5	6	7	8	9	0(-52)
-29	-32	-31	-26	-25	-28	-27	-22	-21	-30
	
1	2	3	4	5	6	7	8	9	0(-47)
-96	-93	-94	-91	-92	-89	-90	-87	-88	-95

1	2	3	4	5	6	7	8	9	0(-45)
3	0	1	6	7	4	5	10	11	2

1	0(-43)
123	122

1222221
123,6,1,15,20,106,-32,-52,-93,-47,0,-45,123,-43
3333331
121,6,0,15,21,106,-31,-52,-94,-47,1,-45,123,-43
5555550
127,6,6,15,19,106,-25,-52,-92,-47,7,-45,122,-43
6666660
124,6,5,15,16,106,-28,-52,-89,-47,4,-45,122,-43
7777770
125,6,4,15,17,106,-27,-52,-90,-47,5,-45,122,-43
8888890
114,6,11,15,30,106,-22,-52,-87,-47,11,-45,122,-43
9999980
115,6,10,15,31,106,-21,-52,-88,-47,10,-45,122,-43
4444441
126,6,7,15,18,106,-26,-52,-91,-47,6,-45,123,-43
3313131
121,6,0,15,23,106,-31,-52,-96,-47,1,-45,123,-43
1313131
123,6,0,15,23,106,-31,-52,-96,-47,1,-45,123,-43
1000000
123,6,3,15,22,106,-30,-52,-95,-47,2,-45,122,-43
2000000
120,6,3,15,22,106,-30,-52,-95,-47,2,-45,122,-43
3111111
121,6,2,15,23,106,-29,-52,-96,-47,3,-45,123,-43
1111111
123,6,2,15,23,106,-29,-52,-96,-47,3,-45,123,-43

8位数
1	2	3	4	5	6	7	8	9	G(6)
53	54								67
	
1	2	3	4	5	6	7	8	9	0(18)
49	50	51	52	53	54	55	56	57	48

1	2	3	4	5	6	7	8	9	0(106)
86	85	84	83	82	81	80	95	94	87

1	2	3	4	5	6	7	8	9	0(-51)
-85	-88	-87	-82	-81	-84	-83	-94	-93	-86
	
1	2	3	4	5	6	7	8	9	0(-47)
-34	-35	-36	-37	-38	-39	-40	-41	-42	-33

1	2	3	4	5	6	7	8	9	0(-45)
-62	-63	-64	-57	-58	-59	-60	-53	-54	-61

1	2	3	4	5	6	7	8	9	0(-43)
12	15	14	9	8	11	10	5	4	13

1	2	3	4	5	6	7	8	9	0(-41)
	-47	-48	-41	-42	-43	-44	-37	-38

	
20211122
54,6,48,18,85,106,-85,-51,-34,-47,-62,-45,15,-43,-47,-41
19211122
53,6,57,18,85,106,-85,-51,-34,-47,-62,-45,15,-43,-47,-41	
18211122	
53,6,56,18,85,106,-85,-51,-34,-47,-62,-45,15,-43,-47,-41	
17211122
53,6,55,18,85,106,-85,-51,-34,-47,-62,-45,15,-43,-47,-41
16211122
53,6,54,18,85,106,-85,-51,-34,-47,-62,-45,15,-43,-47,-41	
15211122
53,6,53,18,85,106,-85,-51,-34,-47,-62,-45,15,-43,-47,-41
14211122
53,6,52,18,85,106,-85,-51,-34,-47,-62,-45,15,-43,-47,-41
13777777
53,6,51,18,80,106,-83,-51,-40,-47,-60,-45,10,-43,-44,-41
13888888
53,6,51,18,95,106,-94,-51,-41,-47,-53,-45,5,-43,-37,-41
13999999
53,6,51,18,94,106,-93,-51,-42,-47,-54,-45,4,-43,-38,-41
12020202
53,6,50,18,87,106,-88,-51,-33,-47,-63,-45,13,-43,-47,-41
11111112
53,6,49,18,86,106,-85,-51,-34,-47,-62,-45,12,-43,-47,-41
10202022
53,6,48,18,85,106,-86,-51,-35,-47,-61,-45,15,-43,-47,-41
13333343
53,6,51,18,84,106,-87,-51,-36,-47,-64,-45,9,-43,-48,-41
13444434
53,6,51,18,83,106,-82,-51,-37,-47,-57,-45,14,-43,-41,-41
13555556
53,6,51,18,82,106,-81,-51,-38,-47,-58,-45,8,-43,-43,-41
13666665
53,6,51,18,81,106,-84,-51,-39,-47,-59,-45,11,-43,-42,-41



0和1结尾

1	2	3	4	5	6	7	8	9	G(6)
-73	-76								-63

1	2	3	4	5	6	7	8	9	0(17)
-114-115-116-117-118-119-120-121-122-113

1	2	3	4	5	6	7	8	9	0(106)
62	61	60	59	58	57	56	55	54	63

1	2	3	4	5	6	7	8	9	0(-52)
-81	-84	-83	-86	-85	-88	-87	-90	-89	-82
	
1	2	3	4	5	6	7	8	9	0(-47)
-31	-30	-29	-28	-27	-26	-25	-24	-23	-32

1	2	3	4	5	6	7	8	9	0(-45)
114	113	112	119	118	117	116	123	122	115

1	2	3	4	5	6	7	8	9	0(-43)
-90	-91	-92	-93	-94	-95	-96	-81	-82	-89

1	0(-41)
-108	-107


20000001
-76,6,-113,17,63,106,-82,-52,-32,-47,115,-45,-89,-43,-108,-41
19444441
-73,6,-122,17,59,106,-86,-52,-28,-47,119,-45,-93,-43,-108,-41
18444441
-73,6,-121,17,59,106,-86,-52,-28,-47,119,-45,-93,-43,-108,-41
17444441
-73,6,-120,17,59,106,-86,-52,-28,-47,119,-45,-93,-43,-108,-41
16444441
-73,6,-119,17,59,106,-86,-52,-28,-47,119,-45,-93,-43,-108,-41
15444441
-73,6,-118,17,59,106,-86,-52,-28,-47,119,-45,-93,-43,-108,-41
14444441
-73,6,-117,17,59,106,-86,-52,-28,-47,119,-45,-93,-43,-108,-41
13444441
-73,6,-116,17,59,106,-86,-52,-28,-47,119,-45,-93,-43,-108,-41
13707071
-73,6,-116,17,56,106,-82,-52,-25,-47,115,-45,-96,-43,-108,-41
13999991
-73,6,-116,17,54,106,-89,-52,-23,-47,122,-45,-82,-43,-108,-41
13888881
-73,6,-116,17,55,106,-90,-52,-24,-47,123,-45,-81,-43,-108,-41
13070701
-73,6,-116,17,63,106,-87,-52,-32,-47,116,-45,-89,-43,-108,-41
13666661
-73,6,-116,17,57,106,-88,-52,-26,-47,117,-45,-95,-43,-108,-41
13555551
-73,6,-116,17,58,106,-85,-52,-27,-47,118,-45,-94,-43,-108,-41
14000001
-73,6,-117,17,63,106,-82,-52,-32,-47,115,-45,-89,-43,-108,-41
13333331
-73,6,-116,17,60,106,-83,-52,-29,-47,112,-45,-92,-43,-108,-41
11111111
-73,6,-114,17,62,106,-81,-52,-31,-47,114,-45,-90,-43,-108,-41
10202020
-73,6,-113,17,61,106,-82,-52,-30,-47,115,-45,-91,-43,-107,-41
10000001
-73,6,-113,17,63,106,-82,-52,-32,-47,115,-45,-89,-43,-108,-41
12222221
-73,6,-115,17,61,106,-84,-52,-30,-47,113,-45,-91,-43,-108,-41

国际
G940272
101,6,-55,16,-50,106,-87,-51,118,-47,51,-45,81,-43
G641240
13,6,5,15,18,106,-29,-52,-93,-47,6,-45,122,-43

G1060920
-63,6,-114,17,63,106,-88,-52,-32,-47,122,-45,-91,-43,-107,-41
G1157372
67,6,49,18,86,106,-81,-51,-40,-47,-64,-45,10,-43,-47,-41


分割

15094025
53,6,53,18,87,106,-93,-51,-37,-47,-61,-45,15,-43,-42,-41
15094025A
101,6,-70,21,-111,106,76,-50,-90,-47,10,-45,-11,-43,124,-41,68,-39






log-- 
2016年12月28日，截止到21448520
